trainAcc: 0.9764833450317383
testAcc: 0.977400004863739
