accuracy: 0.8964
average_precision: 0.456503440990554
f1: 0.32234432234432236
precision: 0.5889101338432122
recall: 0.2219020172910663
roc_auc: 0.8595586812709163
