accuracy: 0.9195466666666666
average_precision: 0.7159692059769547
f1: 0.5082314588427058
precision: 0.7909690512430239
recall: 0.3743996157540826
roc_auc: 0.9541852826125495
