accuracy: 0.89552
average_precision: 0.4598177434398488
f1: 0.3410696266397578
precision: 0.569023569023569
recall: 0.24351585014409222
roc_auc: 0.8629513709508426
