trainAcc: 0.9775166511535645
testAcc: 0.977400004863739
