trainAcc: 0.9770833253860474
testAcc: 0.9779999852180481
