trainAcc: 0.9764833450317383
testAcc: 0.9772999882698059
