accuracy: 0.9192533333333334
average_precision: 0.7174193549553161
f1: 0.5031178208073515
precision: 0.794300518134715
recall: 0.3681556195965418
roc_auc: 0.9546657196819067
