accuracy: 0.89608
average_precision: 0.45830796380276095
f1: 0.33690658499234305
precision: 0.5779334500875657
recall: 0.2377521613832853
roc_auc: 0.8611241864339614
