accuracy: 0.9185066666666667
average_precision: 0.7229385975879766
f1: 0.487248322147651
precision: 0.8084632516703786
recall: 0.34870317002881845
roc_auc: 0.954678369966714
