accuracy: 0.8948
average_precision: 0.4470761518557793
f1: 0.3232115285640762
precision: 0.5657657657657658
recall: 0.22622478386167147
roc_auc: 0.8550331715537685
