accuracy: 0.9181866666666667
average_precision: 0.7219679090435329
f1: 0.48175675675675667
precision: 0.8120728929384966
recall: 0.3424591738712776
roc_auc: 0.9551873097990777
