trainAcc: 0.9768833518028259
testAcc: 0.9764000177383423
