trainAcc: 0.9779999852180481
testAcc: 0.9771999716758728
